{
 "cells": [
  {
   "cell_type": "markdown",
   "metadata": {},
   "source": [
    "# Real Estate estimator"
   ]
  },
  {
   "cell_type": "code",
   "execution_count": 1,
   "metadata": {},
   "outputs": [],
   "source": [
    "import numpy as np"
   ]
  },
  {
   "cell_type": "markdown",
   "metadata": {},
   "source": [
    "## (1) Define the matrix $\\boldsymbol X$ of `features`:"
   ]
  },
  {
   "cell_type": "markdown",
   "metadata": {},
   "source": [
    "❓ Create a $(4,3)$ `numpy.ndarray` storing the values of the 3 features (surface, bedrooms, floors) for the 4 observations. "
   ]
  },
  {
   "cell_type": "code",
   "execution_count": 2,
   "metadata": {
    "tags": [
     "challengify"
    ]
   },
   "outputs": [
    {
     "data": {
      "text/plain": [
       "array([[ 620,    1,    1],\n",
       "       [3280,    4,    2],\n",
       "       [1900,    2,    2],\n",
       "       [1320,    3,    3]])"
      ]
     },
     "execution_count": 2,
     "metadata": {},
     "output_type": "execute_result"
    }
   ],
   "source": [
    "X = np.array([\n",
    "    [620, 1, 1],\n",
    "    [3280, 4, 2],\n",
    "    [1900, 2, 2],\n",
    "    [1320, 3, 3]\n",
    "])\n",
    "X"
   ]
  },
  {
   "cell_type": "code",
   "execution_count": 3,
   "metadata": {
    "tags": [
     "challengify"
    ]
   },
   "outputs": [
    {
     "name": "stdout",
     "output_type": "stream",
     "text": [
      "Shape: (4, 3)\n",
      "Size: 12\n",
      "Dimensions: 2\n"
     ]
    }
   ],
   "source": [
    "print(f\"Shape: {X.shape}\")\n",
    "print(f\"Size: {X.size}\")\n",
    "print(f\"Dimensions: {X.ndim}\")"
   ]
  },
  {
   "cell_type": "code",
   "execution_count": 4,
   "metadata": {},
   "outputs": [
    {
     "data": {
      "text/plain": [
       "array([[1.],\n",
       "       [1.],\n",
       "       [1.],\n",
       "       [1.]])"
      ]
     },
     "execution_count": 4,
     "metadata": {},
     "output_type": "execute_result"
    }
   ],
   "source": [
    "# Define x0 as a (4,1) vector filled with 1 with the fastest NumPy method\n",
    "x0 = np.ones((4,1))\n",
    "x0"
   ]
  },
  {
   "cell_type": "code",
   "execution_count": 5,
   "metadata": {},
   "outputs": [
    {
     "data": {
      "text/plain": [
       "array([[1.00e+00, 6.20e+02, 1.00e+00, 1.00e+00],\n",
       "       [1.00e+00, 3.28e+03, 4.00e+00, 2.00e+00],\n",
       "       [1.00e+00, 1.90e+03, 2.00e+00, 2.00e+00],\n",
       "       [1.00e+00, 1.32e+03, 3.00e+00, 3.00e+00]])"
      ]
     },
     "execution_count": 5,
     "metadata": {},
     "output_type": "execute_result"
    }
   ],
   "source": [
    "# Use `numpy.hstack` to create the (4,4) matrix X by concatenating x0 to your previous (4,3) matrix\n",
    "X = np.hstack((x0, X))\n",
    "X"
   ]
  },
  {
   "cell_type": "markdown",
   "metadata": {},
   "source": [
    "## (2) Define the vector $\\boldsymbol y$ of `Prices`"
   ]
  },
  {
   "cell_type": "code",
   "execution_count": 6,
   "metadata": {
    "tags": [
     "challengify"
    ]
   },
   "outputs": [
    {
     "data": {
      "text/plain": [
       "array([[244],\n",
       "       [671],\n",
       "       [504],\n",
       "       [510]])"
      ]
     },
     "execution_count": 6,
     "metadata": {},
     "output_type": "execute_result"
    }
   ],
   "source": [
    "y = np.array([\n",
    "    [244],\n",
    "    [671],\n",
    "    [504],\n",
    "    [510]\n",
    "])\n",
    "y"
   ]
  },
  {
   "cell_type": "markdown",
   "metadata": {},
   "source": [
    "## (3) Find the solution of the system\n",
    "\n",
    "⏰Now, it's time to find the vector of coefficients $\\boldsymbol \\theta = \\begin{bmatrix}\n",
    "    \\theta_0 \\\\\n",
    "    \\theta_1 \\\\\n",
    "    \\theta_2 \\\\\n",
    "    \\theta_3\n",
    "\\end{bmatrix}$ !\n",
    "\n",
    "👍 The solution of the equation is:\n",
    " \n",
    "$$ \\large \\boldsymbol X \\cdot \\boldsymbol \\theta = \\boldsymbol y \n",
    "\\large \\iff \\boldsymbol X^{-1} \\cdot \\boldsymbol X \\boldsymbol \\cdot \\theta = \\boldsymbol X^{-1} \\cdot \\boldsymbol y \n",
    "\\large \\iff \\boldsymbol \\theta = \\boldsymbol X^{-1} \\cdot \\boldsymbol y\n",
    "$$\n",
    "\n",
    "where $\\large \\boldsymbol X^{-1}$ is the inverse of $\\large \\boldsymbol X$."
   ]
  },
  {
   "cell_type": "code",
   "execution_count": 7,
   "metadata": {},
   "outputs": [
    {
     "data": {
      "text/plain": [
       "array([[ 1.64516129e+00, -1.03509515e-16, -2.90322581e-01,\n",
       "        -3.54838710e-01],\n",
       "       [-5.37634409e-04,  1.66950831e-19,  1.07526882e-03,\n",
       "        -5.37634409e-04],\n",
       "       [ 3.70967742e-01,  5.00000000e-01, -1.24193548e+00,\n",
       "         3.70967742e-01],\n",
       "       [-6.82795699e-01, -5.00000000e-01,  8.65591398e-01,\n",
       "         3.17204301e-01]])"
      ]
     },
     "execution_count": 7,
     "metadata": {},
     "output_type": "execute_result"
    }
   ],
   "source": [
    "# Compute the inverse of the matrix X with the right NumPy method\n",
    "X_inv = np.linalg.inv(X)\n",
    "X_inv"
   ]
  },
  {
   "cell_type": "markdown",
   "metadata": {},
   "source": [
    "👉 You can check that the inversion worked by testing the following equality:\n",
    "\n",
    "$$\\boldsymbol X^{-1} \\cdot\\boldsymbol X = \\boldsymbol I_4$$\n",
    "where $\\boldsymbol I_4$ is the $ 4 \\times 4 $ identity matrix $ \\begin{bmatrix}\n",
    "    1 & 0 & 0 & 0 \\\\\n",
    "    0 & 1 & 0 & 0 \\\\\n",
    "    0 & 0 & 1 & 0 \\\\\n",
    "    0 & 0 & 0 & 1\n",
    "\\end{bmatrix}$"
   ]
  },
  {
   "cell_type": "code",
   "execution_count": 8,
   "metadata": {},
   "outputs": [
    {
     "data": {
      "text/plain": [
       "array([[1., 0., 0., 0.],\n",
       "       [0., 1., 0., 0.],\n",
       "       [0., 0., 1., 0.],\n",
       "       [0., 0., 0., 1.]])"
      ]
     },
     "execution_count": 8,
     "metadata": {},
     "output_type": "execute_result"
    }
   ],
   "source": [
    "# Define I4 using the right NumPy method\n",
    "I4 = np.eye(4)\n",
    "I4"
   ]
  },
  {
   "cell_type": "code",
   "execution_count": 9,
   "metadata": {
    "tags": [
     "challengify"
    ]
   },
   "outputs": [
    {
     "data": {
      "text/plain": [
       "array([[ 1.00000000e+00,  1.70530257e-13,  0.00000000e+00,\n",
       "         2.22044605e-16],\n",
       "       [ 0.00000000e+00,  1.00000000e+00,  4.33680869e-19,\n",
       "         0.00000000e+00],\n",
       "       [ 5.55111512e-17,  1.13686838e-13,  1.00000000e+00,\n",
       "         0.00000000e+00],\n",
       "       [-1.11022302e-16, -1.70530257e-13,  1.11022302e-16,\n",
       "         1.00000000e+00]])"
      ]
     },
     "execution_count": 9,
     "metadata": {},
     "output_type": "execute_result"
    }
   ],
   "source": [
    "x_comp = X_inv @ X\n",
    "x_comp"
   ]
  },
  {
   "cell_type": "code",
   "execution_count": 10,
   "metadata": {
    "tags": [
     "challengify"
    ]
   },
   "outputs": [
    {
     "name": "stdout",
     "output_type": "stream",
     "text": [
      "[[ 1.00000000e+00  1.70530257e-13  0.00000000e+00  2.22044605e-16]\n",
      " [ 0.00000000e+00  1.00000000e+00  4.33680869e-19  0.00000000e+00]\n",
      " [ 5.55111512e-17  1.13686838e-13  1.00000000e+00  0.00000000e+00]\n",
      " [-1.11022302e-16 -1.70530257e-13  1.11022302e-16  1.00000000e+00]]\n",
      "True\n"
     ]
    }
   ],
   "source": [
    "# result = np.dot(X_inv, X)\n",
    "result = X_inv @ X\n",
    "print(result)\n",
    "print(np.allclose(result,I4))"
   ]
  },
  {
   "cell_type": "markdown",
   "metadata": {},
   "source": [
    "🎉 You are finally able to compute `theta` using the following formula: $ \\large \\boldsymbol \\theta = \\boldsymbol X^{-1}\\cdot \\boldsymbol y $:"
   ]
  },
  {
   "cell_type": "code",
   "execution_count": 11,
   "metadata": {
    "tags": [
     "challengify"
    ]
   },
   "outputs": [
    {
     "data": {
      "text/plain": [
       "array([[ 74.12903226],\n",
       "       [  0.13655914],\n",
       "       [-10.72580645],\n",
       "       [ 95.93010753]])"
      ]
     },
     "execution_count": 11,
     "metadata": {},
     "output_type": "execute_result"
    }
   ],
   "source": [
    "thetha = X_inv @ y\n",
    "thetha"
   ]
  },
  {
   "cell_type": "markdown",
   "metadata": {},
   "source": [
    "## (4) Estimation of a new flat price\n",
    "\n",
    "You finally solved the system finding $\\boldsymbol \\theta$ and are now able to estimate the `Price` (in thousands of $) of a 5th flat given these characteristics:\n",
    "\n",
    "- `Surface`: 3000 $ft^2$\n",
    "- `Bedrooms`: 5 \n",
    "- `Floors`: 1\n",
    "\n",
    "with the following formula:\n",
    "\n",
    "$$y_{flat5} = \\boldsymbol x_{flat5} \\cdot \\boldsymbol \\theta$$"
   ]
  },
  {
   "cell_type": "code",
   "execution_count": 12,
   "metadata": {},
   "outputs": [
    {
     "data": {
      "text/plain": [
       "526000"
      ]
     },
     "execution_count": 12,
     "metadata": {},
     "output_type": "execute_result"
    }
   ],
   "source": [
    "# Define x5\n",
    "\n",
    "x5 = np.array([1, 3000, 5, 1])\n",
    "\n",
    "# Compute y5\n",
    "# You should find a Price of 526,000 $\n",
    "\n",
    "y5 = x5 @ thetha\n",
    "y5 = int(y5[0]) * 1000\n",
    "y5"
   ]
  },
  {
   "cell_type": "markdown",
   "metadata": {},
   "source": [
    "## (5) Reality-check"
   ]
  },
  {
   "cell_type": "code",
   "execution_count": 13,
   "metadata": {},
   "outputs": [
    {
     "data": {
      "text/plain": [
       "(5, 4)"
      ]
     },
     "execution_count": 13,
     "metadata": {},
     "output_type": "execute_result"
    }
   ],
   "source": [
    "# Create the new matrix of features X of shape (5,4)\n",
    "X_new = np.vstack((X, x5))\n",
    "X_new.shape"
   ]
  },
  {
   "cell_type": "code",
   "execution_count": 14,
   "metadata": {},
   "outputs": [
    {
     "data": {
      "text/plain": [
       "array([[1.00e+00, 6.20e+02, 1.00e+00, 1.00e+00],\n",
       "       [1.00e+00, 3.28e+03, 4.00e+00, 2.00e+00],\n",
       "       [1.00e+00, 1.90e+03, 2.00e+00, 2.00e+00],\n",
       "       [1.00e+00, 1.32e+03, 3.00e+00, 3.00e+00],\n",
       "       [1.00e+00, 3.00e+03, 5.00e+00, 1.00e+00]])"
      ]
     },
     "execution_count": 14,
     "metadata": {},
     "output_type": "execute_result"
    }
   ],
   "source": [
    "X_new"
   ]
  },
  {
   "cell_type": "code",
   "execution_count": 15,
   "metadata": {},
   "outputs": [
    {
     "data": {
      "text/plain": [
       "array([[244],\n",
       "       [671],\n",
       "       [504],\n",
       "       [510],\n",
       "       [700]])"
      ]
     },
     "execution_count": 15,
     "metadata": {},
     "output_type": "execute_result"
    }
   ],
   "source": [
    "# Create new y of shape (5,1)\n",
    "y_new = np.array([[244],[671],[504],[510],[700]])\n",
    "y_new"
   ]
  },
  {
   "cell_type": "code",
   "execution_count": 16,
   "metadata": {},
   "outputs": [],
   "source": [
    "theta_new, residuals, rank, s = np.linalg.lstsq(X_new, y_new, rcond=None)"
   ]
  },
  {
   "cell_type": "code",
   "execution_count": 17,
   "metadata": {},
   "outputs": [
    {
     "data": {
      "text/plain": [
       "array([[1.11020221e+02],\n",
       "       [8.92124222e-02],\n",
       "       [5.31235728e+01],\n",
       "       [4.15795102e+01]])"
      ]
     },
     "execution_count": 17,
     "metadata": {},
     "output_type": "execute_result"
    }
   ],
   "source": [
    "theta_new"
   ]
  }
 ],
 "metadata": {
  "kernelspec": {
   "display_name": "Python 3 (ipykernel)",
   "language": "python",
   "name": "python3"
  },
  "language_info": {
   "codemirror_mode": {
    "name": "ipython",
    "version": 3
   },
   "file_extension": ".py",
   "mimetype": "text/x-python",
   "name": "python",
   "nbconvert_exporter": "python",
   "pygments_lexer": "ipython3",
   "version": "3.11.6"
  },
  "toc": {
   "base_numbering": 1,
   "nav_menu": {},
   "number_sections": true,
   "sideBar": true,
   "skip_h1_title": false,
   "title_cell": "Table of Contents",
   "title_sidebar": "Contents",
   "toc_cell": false,
   "toc_position": {},
   "toc_section_display": true,
   "toc_window_display": false
  }
 },
 "nbformat": 4,
 "nbformat_minor": 4
}
